--- RL Evaluator Initialized ---
Model Class: BertForSequenceClassification
Device: cuda
Total Layers: 12
Compiled Model Unwrapped: False

============================================================
STARTING REINFORCEMENT LEARNING TUNING
============================================================
Step  | Loss       | Reward     | Epsilon  | GELU Degs | Softmax Degs
---------------------------------------------------------------------
1     | 0.3687     | 6.07       | 0.28     | [4, 3, 4, 3, 4, 4, 4, 4, 3, 3, 3, 3] | [3, 3, 4, 3, 4, 4, 4, 4, 3, 4, 4, 4]
2     | 0.3806     | 5.91       | 0.27     | [4, 2, 4, 4, 4, 4, 4, 4, 2, 2, 3, 2] | [2, 4, 4, 2, 4, 4, 4, 4, 4, 4, 3, 4]
3     | 0.3447     | 6.47       | 0.26     | [4, 1, 4, 3, 4, 4, 4, 4, 3, 1, 3, 2] | [3, 3, 4, 3, 4, 4, 4, 3, 4, 4, 2, 4]
4     | 0.3863     | 5.88       | 0.24     | [4, 2, 4, 2, 4, 3, 4, 4, 2, 2, 3, 1] | [2, 2, 3, 3, 3, 4, 4, 3, 4, 4, 1, 4]
5     | 0.3877     | 5.86       | 0.23     | [3, 1, 4, 2, 4, 4, 4, 4, 2, 1, 3, 1] | [3, 2, 2, 3, 4, 4, 4, 3, 4, 4, 1, 4]
6     | 0.4306     | 5.34       | 0.22     | [3, 2, 4, 3, 4, 4, 4, 4, 3, 2, 3, 1] | [2, 2, 1, 3, 4, 4, 4, 4, 4, 4, 1, 4]
7     | 0.4576     | 5.08       | 0.21     | [3, 1, 4, 4, 4, 4, 4, 3, 2, 1, 3, 1] | [1, 2, 1, 2, 4, 4, 4, 4, 4, 4, 1, 4]
8     | 0.4026     | 5.67       | 0.20     | [3, 2, 4, 3, 4, 4, 4, 2, 3, 2, 2, 1] | [1, 2, 2, 3, 4, 4, 4, 4, 4, 4, 1, 4]
9     | 0.4594     | 5.07       | 0.19     | [3, 2, 4, 4, 4, 4, 4, 1, 2, 3, 1, 1] | [1, 1, 1, 3, 4, 4, 3, 4, 4, 4, 1, 4]
10    | 0.3987     | 5.73       | 0.18     | [3, 3, 4, 4, 4, 4, 4, 1, 3, 2, 1, 1] | [1, 1, 2, 3, 4, 4, 2, 4, 4, 4, 1, 4]
11    | 0.3806     | 5.99       | 0.17     | [3, 2, 4, 3, 4, 4, 4, 1, 2, 1, 2, 1] | [1, 1, 3, 3, 4, 4, 1, 3, 4, 4, 1, 4]
12    | 0.4037     | 5.68       | 0.16     | [3, 1, 4, 4, 4, 4, 4, 1, 3, 2, 3, 1] | [1, 1, 2, 3, 4, 4, 1, 3, 4, 4, 1, 4]
13    | 0.4514     | 5.18       | 0.15     | [2, 2, 4, 3, 4, 4, 4, 1, 2, 1, 3, 1] | [1, 1, 1, 3, 4, 4, 1, 2, 4, 4, 1, 4]
14    | 0.3984     | 5.75       | 0.15     | [1, 1, 4, 4, 4, 4, 4, 1, 3, 2, 4, 2] | [1, 1, 2, 3, 4, 4, 1,n 2, 4, 4, 1, 4]
15    | 0.4426     | 5.27       | 0.14     | [1, 2, 4, 3, 4, 4, 4, 1, 2, 1, 3, 2] | [1, 1, 1, 3, 3, 4, 1, 2, 4, 4, 1, 4]
16    | 0.4038     | 5.69       | 0.13     | [1, 1, 4, 3, 4, 4, 4, 1, 3, 2, 3, 2] | [1, 1, 2, 3, 4, 4, 1, 2, 4, 4, 1, 4]
17    | 0.4518     | 5.16       | 0.13     | [1, 2, 4, 2, 4, 4, 4, 1, 2, 3, 3, 2] | [1, 1, 1, 3, 4, 4, 1, 2, 4, 4, 2, 4]
18    | 0.3992     | 5.75       | 0.12     | [1, 1, 4, 3, 4, 4, 4, 1, 3, 2, 3, 2] | [1, 1, 2, 3, 4, 4, 1, 2, 3, 4, 1, 4]
19    | 0.4344     | 5.34       | 0.11     | [1, 2, 4, 4, 4, 4, 4, 1, 2, 1, 3, 2] | [2, 1, 1, 3, 4, 4, 1, 2, 4, 4, 1, 4]
20    | 0.3885     | 5.88       | 0.11     | [1, 1, 4, 3, 4, 4, 4, 1, 2, 2, 3, 2] | [2, 1, 2, 3, 4, 4, 1, 2, 4, 4, 1, 4]
21    | 0.4299     | 5.39       | 0.10     | [1, 2, 4, 4, 4, 4, 4, 1, 3, 1, 2, 2] | [3, 1, 1, 3, 3, 4, 1, 2, 4, 4, 2, 4]
22    | 0.4118     | 5.60       | 0.10     | [1, 1, 4, 3, 4, 4, 4, 1, 2, 2, 3, 2] | [2, 1, 1, 3, 4, 4, 1, 2, 4, 4, 1, 4]
23    | 0.4008     | 5.71       | 0.09     | [1, 1, 4, 4, 4, 4, 4, 1, 3, 1, 4, 2] | [3, 1, 2, 3, 4, 4, 1, 2, 4, 4, 1, 4]
24    | 0.4331     | 5.35       | 0.09     | [1, 2, 4, 3, 4, 4, 4, 1, 2, 2, 4, 2] | [2, 1, 1, 3, 4, 4, 1, 2, 4, 4, 2, 4]
25    | 0.3816     | 5.97       | 0.08     | [1, 1, 4, 4, 4, 4, 4, 1, 3, 1, 3, 2] | [3, 1, 2, 3, 4, 4, 1, 2, 4, 4, 1, 4]
26    | 0.4312     | 5.37       | 0.08     | [1, 2, 4, 3, 4, 4, 4, 1, 2, 2, 3, 2] | [2, 1, 1, 3, 4, 4, 1, 2, 4, 4, 1, 4]
27    | 0.4236     | 5.45       | 0.08     | [1, 1, 4, 4, 4, 4, 4, 1, 3, 1, 2, 2] | [3, 1, 2, 3, 4, 4, 1, 2, 4, 4, 1, 4]
28    | 0.3567     | 6.34       | 0.07     | [1, 2, 4, 3, 4, 4, 4, 1, 2, 2, 3, 2] | [2, 1, 2, 3, 4, 4, 1, 2, 4, 4, 1, 4]
29    | 0.4184     | 5.51       | 0.07     | [1, 1, 4, 4, 4, 4, 4, 1, 3, 1, 3, 2] | [3, 1, 1, 3, 4, 4, 1, 2, 4, 4, 1, 4]
30    | 0.3727     | 6.10       | 0.06     | [1, 2, 4, 3, 4, 4, 4, 1, 2, 2, 3, 2] | [2, 1, 2, 3, 4, 4, 1, 2, 4, 4, 1, 4]
31    | 0.4636     | 5.05       | 0.06     | [1, 1, 4, 4, 4, 4, 4, 1, 3, 1, 3, 2] | [3, 1, 1, 3, 4, 4, 1, 2, 4, 4, 1, 4]
32    | 0.4014     | 5.71       | 0.06     | [1, 2, 4, 3, 4, 4, 4, 1, 2, 2, 3, 2] | [2, 1, 2, 3, 4, 4, 1, 2, 4, 4, 1, 4]
33    | 0.4093     | 5.62       | 0.06     | [1, 1, 4, 4, 4, 4, 4, 1, 3, 1, 3, 2] | [3, 1, 1, 3, 4, 4, 1, 2, 4, 4, 1, 4]
34    | 0.3979     | 5.76       | 0.05     | [1, 2, 4, 3, 4, 4, 4, 1, 2, 2, 3, 2] | [2, 1, 2, 3, 4, 4, 1, 2, 4, 4, 1, 4]
35    | 0.4009     | 5.72       | 0.05     | [1, 1, 4, 4, 4, 4, 4, 1, 3, 1, 3, 2] | [3, 1, 1, 3, 4, 4, 1, 2, 4, 4, 1, 4]
36    | 0.4203     | 5.49       | 0.05     | [1, 2, 4, 3, 4, 4, 4, 1, 2, 2, 3, 2] | [2, 1, 2, 3, 4, 4, 1, 2, 4, 4, 1, 4]
37    | 0.4069     | 5.65       | 0.05     | [1, 1, 4, 4, 4, 4, 4, 1, 1, 1, 3, 2] | [3, 1, 1, 3, 4, 4, 1, 2, 4, 4, 2, 4]
38    | 0.4160     | 5.54       | 0.05     | [1, 2, 4, 3, 4, 4, 4, 1, 1, 2, 3, 2] | [2, 1, 2, 3, 4, 4, 1, 2, 4, 4, 1, 4]
39    | 0.4403     | 5.28       | 0.05     | [1, 1, 4, 4, 4, 4, 4, 1, 1, 1, 3, 2] | [3, 1, 1, 3, 4, 4, 1, 2, 4, 4, 1, 4]
40    | 0.4185     | 5.52       | 0.05     | [1, 2, 4, 3, 4, 4, 4, 1, 1, 2, 3, 2] | [2, 1, 2, 3, 4, 4, 1, 2, 4, 4, 1, 4]
41    | 0.4392     | 5.29       | 0.05     | [1, 1, 4, 4, 4, 4, 4, 1, 1, 1, 3, 2] | [3, 1, 1, 3, 4, 4, 1, 2, 4, 4, 1, 4]
42    | 0.4201     | 5.50       | 0.05     | [1, 2, 4, 3, 4, 4, 4, 1, 1, 2, 3, 2] | [2, 1, 1, 3, 4, 4, 1, 2, 4, 4, 1, 4]
43    | 0.3896     | 5.87       | 0.05     | [1, 1, 4, 4, 4, 4, 4, 1, 1, 1, 3, 2] | [3, 1, 2, 3, 4, 4, 1, 3, 4, 4, 1, 4]
44    | 0.4698     | 4.99       | 0.05     | [1, 2, 4, 3, 4, 4, 4, 1, 1, 2, 3, 2] | [2, 1, 1, 3, 4, 4, 1, 3, 4, 4, 1, 4]
45    | 0.3871     | 5.90       | 0.05     | [1, 1, 4, 4, 4, 4, 4, 1, 1, 1, 3, 2] | [3, 1, 2, 3, 4, 4, 1, 3, 4, 4, 1, 4]
46    | 0.4298     | 5.39       | 0.05     | [1, 2, 4, 3, 4, 4, 4, 1, 1, 2, 3, 3] | [2, 1, 1, 3, 3, 4, 1, 3, 4, 4, 1, 4]
47    | 0.3928     | 5.82       | 0.05     | [1, 1, 4, 4, 4, 4, 4, 1, 1, 1, 3, 2] | [3, 1, 2, 3, 4, 4, 1, 3, 4, 4, 1, 4]
48    | 0.4543     | 5.14       | 0.05     | [1, 2, 4, 3, 4, 4, 4, 1, 1, 2, 3, 2] | [2, 1, 1, 3, 4, 4, 1, 3, 4, 4, 1, 4]
49    | 0.3960     | 5.78       | 0.05     | [1, 1, 4, 4, 4, 4, 4, 1, 1, 1, 3, 2] | [3, 1, 2, 3, 4, 4, 1, 3, 4, 4, 1, 4]
50    | 0.4469     | 5.21       | 0.05     | [1, 2, 4, 3, 4, 4, 4, 1, 1, 2, 3, 2] | [2, 1, 1, 3, 4, 4, 1, 3, 4, 4, 1, 4]
51    | 0.3914     | 5.84       | 0.05     | [1, 1, 4, 4, 4, 4, 4, 1, 1, 1, 3, 2] | [3, 1, 2, 3, 4, 4, 1, 3, 4, 4, 1, 4]
52    | 0.4260     | 5.43       | 0.05     | [1, 2, 4, 3, 4, 4, 4, 1, 1, 2, 3, 2] | [2, 1, 1, 3, 4, 4, 1, 3, 4, 4, 1, 4]
53    | 0.4028     | 5.70       | 0.05     | [1, 1, 4, 4, 4, 4, 4, 1, 1, 1, 3, 2] | [3, 1, 2, 3, 4, 4, 1, 3, 4, 4, 1, 4]
54    | 0.4420     | 5.27       | 0.05     | [1, 2, 4, 3, 4, 4, 4, 1, 1, 1, 3, 2] | [2, 1, 1, 3, 4, 3, 1, 3, 4, 4, 1, 4]
55    | 0.4107     | 5.61       | 0.05     | [1, 1, 4, 4, 4, 4, 4, 1, 1, 2, 3, 2] | [3, 1, 2, 3, 4, 2, 1, 3, 4, 4, 1, 4]
56    | 0.4427     | 5.27       | 0.05     | [1, 2, 4, 3, 4, 4, 4, 1, 1, 1, 3, 2] | [2, 1, 1, 3, 4, 1, 1, 3, 4, 4, 1, 4]
57    | 0.4140     | 5.57       | 0.05     | [1, 1, 4, 3, 4, 4, 4, 1, 1, 2, 3, 2] | [3, 1, 2, 3, 4, 2, 1, 3, 4, 4, 1, 4]
58    | 0.4038     | 5.70       | 0.05     | [1, 2, 4, 4, 4, 4, 4, 1, 1, 1, 3, 2] | [2, 2, 1, 3, 4, 1, 1, 3, 4, 4, 1, 4]
59    | 0.4022     | 5.70       | 0.05     | [1, 1, 4, 4, 4, 4, 4, 1, 1, 2, 3, 2] | [3, 2, 2, 3, 4, 2, 1, 3, 4, 4, 1, 4]
60    | 0.4393     | 5.31       | 0.05     | [1, 2, 4, 3, 4, 4, 4, 1, 1, 1, 3, 2] | [2, 2, 1, 3, 4, 1, 1, 3, 4, 3, 1, 4]
61    | 0.3631     | 6.24       | 0.05     | [1, 1, 4, 4, 4, 4, 4, 1, 1, 2, 3, 2] | [3, 2, 2, 3, 4, 2, 1, 3, 4, 4, 1, 4]
62    | 0.3920     | 5.85       | 0.05     | [1, 2, 4, 3, 4, 4, 4, 1, 1, 1, 3, 1] | [2, 2, 2, 3, 4, 1, 1, 3, 4, 4, 1, 4]
63    | 0.4258     | 5.43       | 0.05     | [1, 1, 4, 4, 4, 4, 4, 2, 1, 2, 3, 1] | [3, 2, 1, 3, 4, 2, 1, 3, 4, 4, 1, 4]
64    | 0.3552     | 6.37       | 0.05     | [1, 2, 4, 3, 4, 4, 4, 1, 1, 1, 3, 1] | [2, 3, 2, 3, 4, 1, 1, 3, 4, 4, 1, 4]
65    | 0.4004     | 5.73       | 0.05     | [1, 1, 4, 4, 4, 4, 4, 1, 1, 2, 3, 1] | [3, 4, 1, 3, 4, 2, 1, 2, 4, 4, 1, 4]
66    | 0.3822     | 5.98       | 0.05     | [1, 2, 4, 3, 4, 4, 3, 1, 1, 1, 3, 1] | [2, 4, 2, 3, 4, 1, 1, 2, 4, 4, 1, 4]
67    | 0.4220     | 5.49       | 0.05     | [1, 1, 4, 4, 4, 4, 3, 1, 1, 2, 2, 1] | [3, 3, 1, 3, 4, 2, 1, 2, 4, 4, 1, 4]
68    | 0.3678     | 6.19       | 0.05     | [1, 2, 4, 3, 4, 4, 3, 1, 1, 1, 3, 1] | [2, 4, 2, 3, 4, 1, 1, 2, 4, 4, 1, 4]
69    | 0.4107     | 5.62       | 0.05     | [1, 1, 4, 4, 4, 4, 2, 1, 1, 2, 3, 1] | [3, 3, 1, 3, 4, 2, 1, 2, 4, 4, 1, 4]
70    | 0.3690     | 6.17       | 0.05     | [1, 2, 4, 3, 4, 4, 2, 1, 1, 1, 3, 1] | [2, 4, 2, 3, 4, 1, 1, 2, 4, 4, 1, 4]
71    | 0.4073     | 5.66       | 0.05     | [1, 1, 4, 4, 4, 4, 2, 1, 1, 2, 3, 1] | [3, 3, 1, 3, 4, 2, 1, 2, 4, 4, 1, 4]
72    | 0.3697     | 6.16       | 0.05     | [1, 2, 4, 3, 4, 4, 2, 1, 1, 1, 3, 1] | [2, 4, 2, 3, 4, 1, 1, 2, 4, 4, 1, 4]
73    | 0.4180     | 5.53       | 0.05     | [1, 1, 4, 4, 4, 4, 2, 1, 1, 2, 3, 1] | [3, 3, 1, 3, 4, 2, 1, 2, 4, 4, 1, 4]
74    | 0.3631     | 6.26       | 0.05     | [1, 2, 4, 4, 4, 3, 2, 1, 1, 1, 3, 1] | [2, 4, 2, 3, 4, 1, 1, 2, 4, 4, 1, 4]
75    | 0.4172     | 5.54       | 0.05     | [1, 1, 4, 3, 4, 4, 3, 1, 1, 2, 3, 1] | [3, 3, 1, 3, 4, 2, 1, 2, 4, 4, 1, 4]
76    | 0.3701     | 6.15       | 0.05     | [1, 2, 4, 4, 4, 4, 3, 1, 1, 1, 3, 1] | [2, 4, 2, 3, 4, 1, 1, 2, 4, 4, 1, 4]
77    | 0.4159     | 5.56       | 0.05     | [1, 1, 4, 3, 4, 4, 3, 1, 1, 2, 3, 1] | [3, 3, 1, 3, 4, 2, 1, 2, 3, 4, 1, 4]
78    | 0.3688     | 6.17       | 0.05     | [1, 2, 4, 4, 4, 4, 3, 1, 1, 1, 3, 1] | [2, 4, 2, 3, 4, 1, 1, 2, 4, 4, 1, 4]
79    | 0.4055     | 5.68       | 0.05     | [1, 1, 4, 3, 4, 4, 3, 1, 1, 2, 3, 1] | [2, 3, 1, 3, 4, 2, 1, 2, 4, 4, 1, 4]
80    | 0.3914     | 5.85       | 0.05     | [1, 2, 4, 4, 4, 4, 3, 1, 1, 1, 3, 1] | [3, 4, 1, 3, 4, 1, 1, 2, 4, 4, 1, 4]
81    | 0.3653     | 6.22       | 0.05     | [1, 1, 4, 3, 4, 4, 3, 1, 1, 2, 3, 1] | [2, 3, 2, 3, 4, 2, 1, 2, 4, 4, 1, 4]
82    | 0.4048     | 5.69       | 0.05     | [1, 2, 4, 4, 4, 4, 3, 1, 1, 1, 3, 1] | [3, 4, 1, 3, 4, 1, 1, 2, 4, 4, 1, 4]
83    | 0.3927     | 5.84       | 0.05     | [1, 1, 4, 3, 4, 4, 3, 1, 1, 2, 3, 1] | [2, 3, 2, 3, 4, 2, 1, 2, 4, 4, 1, 4]
84    | 0.3780     | 6.03       | 0.05     | [1, 2, 4, 4, 4, 4, 3, 1, 1, 1, 3, 1] | [3, 4, 2, 3, 4, 1, 1, 2, 4, 4, 1, 4]
85    | 0.4282     | 5.42       | 0.05     | [1, 1, 4, 3, 4, 4, 3, 1, 1, 2, 3, 1] | [2, 3, 1, 3, 4, 2, 1, 2, 4, 4, 1, 4]
86    | 0.3546     | 6.38       | 0.05     | [1, 2, 4, 3, 4, 4, 3, 1, 1, 1, 3, 1] | [3, 4, 2, 3, 4, 1, 1, 2, 4, 4, 1, 4]
87    | 0.4216     | 5.50       | 0.05     | [1, 1, 4, 4, 4, 4, 3, 1, 1, 1, 3, 1] | [2, 3, 1, 3, 4, 2, 1, 2, 4, 4, 1, 4]
88    | 0.3575     | 6.34       | 0.05     | [1, 2, 4, 3, 4, 4, 3, 1, 1, 2, 3, 1] | [3, 4, 2, 3, 4, 1, 1, 2, 4, 4, 1, 4]
89    | 0.4143     | 5.58       | 0.05     | [1, 1, 4, 4, 4, 4, 3, 1, 1, 1, 3, 1] | [2, 3, 1, 3, 4, 2, 1, 2, 4, 4, 1, 4]
90    | 0.3756     | 6.06       | 0.05     | [1, 2, 4, 3, 4, 4, 3, 1, 1, 2, 3, 1] | [3, 4, 2, 3, 4, 1, 1, 2, 4, 4, 1, 4]
91    | 0.3969     | 5.79       | 0.05     | [1, 1, 4, 4, 4, 4, 3, 1, 1, 1, 3, 1] | [2, 3, 1, 3, 4, 2, 1, 2, 4, 4, 1, 4]
92    | 0.3860     | 5.93       | 0.05     | [1, 2, 4, 3, 4, 4, 3, 1, 1, 1, 3, 1] | [3, 4, 2, 2, 4, 1, 1, 2, 4, 4, 1, 4]
93    | 0.3893     | 5.88       | 0.05     | [1, 1, 4, 4, 4, 4, 3, 1, 1, 2, 3, 1] | [2, 3, 2, 3, 4, 2, 1, 2, 4, 4, 1, 4]
94    | 0.3869     | 5.91       | 0.05     | [1, 2, 4, 3, 4, 4, 3, 1, 1, 1, 3, 1] | [3, 4, 1, 3, 4, 3, 1, 2, 4, 4, 1, 4]
95    | 0.3777     | 6.04       | 0.05     | [1, 1, 4, 4, 4, 4, 3, 1, 1, 2, 3, 1] | [2, 3, 2, 3, 4, 2, 1, 2, 4, 3, 1, 4]
96    | 0.3909     | 5.86       | 0.05     | [1, 2, 4, 3, 4, 4, 3, 1, 1, 1, 3, 1] | [3, 4, 1, 3, 4, 1, 1, 2, 4, 4, 1, 4]
97    | 0.4211     | 5.50       | 0.05     | [1, 1, 4, 4, 4, 4, 3, 1, 1, 2, 3, 1] | [2, 3, 1, 3, 4, 2, 1, 2, 4, 4, 1, 4]
98    | 0.3841     | 5.96       | 0.05     | [1, 2, 3, 3, 4, 4, 3, 1, 1, 1, 3, 1] | [3, 4, 2, 3, 4, 1, 1, 2, 4, 4, 1, 4]
99    | 0.4095     | 5.65       | 0.05     | [1, 1, 2, 4, 4, 4, 3, 1, 1, 2, 3, 1] | [2, 3, 1, 3, 4, 2, 1, 1, 4, 4, 1, 4]
100   | 0.3575     | 6.35       | 0.05     | [1, 2, 2, 3, 4, 4, 3, 1, 1, 1, 3, 1] | [3, 4, 2, 3, 4, 1, 1, 1, 4, 4, 1, 4]
Learning curve saved to ./rl_learning_curve_modelBertForSequenceClassification.png
============================================================
RL TUNING FINISHED

==============================
FINAL EVALUATION PHASE
==============================
[Best RL Policy] Final Metrics:
  - Avg Loss: 0.5550
  - Pearson:  0.8755
  - Spearman: 0.8710
  - Gelu Degs: [4, 1, 4, 3, 4, 4, 4, 4, 3, 1, 3, 2]
  - Softmax Degs: [3, 3, 4, 3, 4, 4, 4, 3, 4, 4, 2, 4]
[Baseline: All Origin (Degree 0)] Final Metrics:
  - Avg Loss: 0.5315
  - Pearson:  0.8801
  - Spearman: 0.8760
  - Gelu Degs: [0, 0, 0, 0, 0, 0, 0, 0, 0, 0, 0, 0]
  - Softmax Degs: [0, 0, 0, 0, 0, 0, 0, 0, 0, 0, 0, 0]
[Baseline: All Degree 1] Final Metrics:
  - Avg Loss: 0.7291
  - Pearson:  0.8311
  - Spearman: 0.8266
  - Gelu Degs: [1, 1, 1, 1, 1, 1, 1, 1, 1, 1, 1, 1]
  - Softmax Degs: [1, 1, 1, 1, 1, 1, 1, 1, 1, 1, 1, 1]
